2
3
4
4
5
7
8
9
10
10
11
17
18
22
23
23
24
26
26
27
29
29
29
29
32
39
41
42
42
42
43
43
45
45
47
48
49
51
51
54
54
55
57
58
59
60
64
66
66
70
73
73
74
77
77
78
78
78
79
83
83
86
87
88
88
88
93
95
95
99
100
101
106
110
111
111
113
114
115
116
119
120
121
121
124
125
128
133
134
136
139
140
140
141
141
141
143
144
145
145
145
147
147
147
148
149
149
151
152
154
156
160
160
164
168
171
171
174
174
176
179
179
180
181
183
187
188
189
190
190
194
195
196
196
198
198
198
202
203
205
206
206
206
209
211
211
219
220
222
227
228
229
230
232
234
236
237
238
242
242
245
249
251
252
255
259
264
266
266
268
270
270
271
272
275
275
278
279
279
283
283
285
288
289
293
294
294
296
301
304
305
307
308
310
313
315
319
319
320
320
324
325
327
331
331
333
335
336
338
339
340
342
345
351
353
354
356
360
361
362
368
373
374
383
386
387
388
391
391
392
392
396
397
399
401
404
407
408
411
417
419
420
420
421
423
425
429
429
429
429
431
431
431
434
435
437
438
439
442
443
445
449
453
455
455
456
458
458
461
464
467
468
469
471
473
473
473
474
475
476
477
477
478
479
480
481
481
482
482
484
487
490
490
490
492
493
494
496
498
499
501
502
504
507
507
508
509
509
511
514
530
531
531
533
533
533
534
537
539
540
541
541
542
543
543
545
547
547
548
551
553
553
553
555
558
558
559
561
561
562
563
567
567
567
568
569
569
571
572
575
576
577
578
582
585
585
588
588
591
593
598
599
602
603
604
604
604
605
606
609
611
611
613
614
619
620
621
622
625
625
625
626
631
631
633
633
635
637
638
645
648
650
653
653
653
654
655
657
657
659
659
664
666
668
669
670
671
671
671
672
673
676
676
680
680
680
681
681
682
682
684
684
685
685
686
688
690
691
691
700
700
701
701
702
703
703
703
705
707
708
708
711
715
715
715
716
718
721
723
725
726
727
727
727
727
728
740
740
741
743
745
749
751
752
752
754
755
756
763
764
764
765
766
766
769
769
776
778
779
781
782
783
788
788
789
789
791
793
794
795
796
797
799
800
803
804
811
812
813
814
814
817
818
818
819
821
822
822
823
825
830
830
830
830
830
831
833
834
834
835
838
840
840
840
842
843
843
843
845
846
847
847
856
860
864
864
869
869
871
873
875
875
876
876
880
882
884
885
886
892
893
894
894
894
894
895
896
900
901
904
904
906
907
907
909
909
912
913
913
914
917
918
929
934
936
938
938
938
939
940
941
943
944
946
947
948
949
950
951
954
954
957
959
960
969
973
973
973
975
976
977
978
981
981
987
989
990
990
991
996
996
997
999
1001
1002
1002
1004
1006
1006
1008
1008
1010
1010
1011
1013
1013
1018
1019
1020
1023
1023
1024
1024
1026
1027
1027
1030
1030
1033
1037
1040
1040
1040
1052
1053
1054
1055
1056
1058
1059
1061
1063
1064
1064
1065
1066
1067
1067
1069
1070
1072
1072
1072
1074
1074
1075
1075
1078
1078
1078
1079
1083
1084
1085
1085
1085
1087
1088
1089
1090
1094
1095
1101
1103
1103
1104
1105
1108
1109
1114
1114
1118
1118
1118
1119
1121
1122
1122
1124
1127
1127
1128
1130
1132
1135
1137
1137
1141
1141
1143
1143
1146
1147
1151
1151
1152
1158
1158
1159
1160
1162
1166
1170
1174
1174
1176
1179
1179
1182
1183
1188
1189
1192
1193
1193
1194
1195
1195
1195
1197
1200
1201
1201
1203
1204
1206
1209
1210
1219
1220
1226
1226
1226
1227
1228
1228
1229
1233
1234
1236
1240
1241
1246
1247
1250
1251
1251
1252
1255
1257
1259
1260
1261
1265
1266
1266
1267
1268
1270
1270
1270
1272
1272
1274
1274
1279
1283
1283
1283
1286
1287
1289
1289
1291
1293
1294
1296
1296
1298
1298
1302
1305
1307
1308
1309
1314
1317
1318
1318
1323
1323
1323
1324
1325
1326
1328
1329
1332
1335
1336
1336
1336
1338
1339
1339
1340
1340
1341
1341
1343
1345
1346
1347
1349
1355
1356
1358
1361
1364
1364
1365
1367
1368
1368
1368
1368
1369
1369
1370
1370
1371
1372
1375
1379
1381
1381
1382
1383
1384
1385
1387
1388
1391
1393
1396
1401
1402
1402
1403
1406
1409
1411
1412
1413
1414
1416
1417
1417
1418
1421
1423
1424
1424
1425
1425
1427
1429
1430
1430
1431
1433
1433
1434
1435
1437
1437
1440
1441
1442
1443
1444
1445
1449
1450
1450
1452
1455
1457
1458
1458
1460
1461
1461
1462
1463
1464
1465
1466
1468
1468
1469
1469
1473
1475
1478
1479
1479
1480
1480
1481
1481
1481
1483
1483
1484
1485
1488
1492
1494
1495
1495
1497
1498
1500
1502
1502
1504
1506
1506
1510
1513
1514
1516
1516
1517
1523
1523
1524
1525
1529
1533
1534
1535
1538
1540
1540
1540
1541
1542
1542
1543
1543
1544
1545
1547
1548
1550
1551
1552
1553
1553
1559
1560
1561
1561
1563
1564
1567
1568
1569
1571
1575
1580
1582
1582
1583
1584
1584
1584
1588
1588
1588
1589
1590
1594
1595
1596
1598
1599
1602
1603
1604
1605
1608
1609
1609
1610
1616
1616
1616
1617
1619
1620
1621
1622
1624
1625
1627
1627
1627
1629
1630
1630
1634
1635
1636
1638
1638
1638
1638
1639
1639
1642
1642
1644
1645
1646
1646
1648
1650
1650
1651
1654
1654
1656
1656
1656
1659
1663
1664
1665
1671
1673
1675
1675
1678
1680
1680
1685
1687
1691
1691
1694
1696
1697
1699
1700
1701
1704
1706
1707
1707
1708
1711
1718
1721
1723
1724
1724
1726
1729
1729
1731
1731
1732
1736
1736
1740
1743
1743
1745
1746
1746
1749
1750
1752
1753
1759
1761
1762
1764
1764
1765
1768
1768
1768
1769
1770
1775
1776
1780
1783
1786
1787
1788
1790
1791
1792
1793
1796
1798
1799
1801
1802
1804
1809
1810
1812
1815
1815
1817
1818
1818
1819
1820
1822
1825
1825
1826
1827
1831
1832
1832
1833
1836
1836
1837
1840
1841
1841
1842
1843
1843
1844
1844
1847
1848
1857
1861
1862
1863
1864
1867
1867
1870
1870
1872
1873
1875
1877
1882
1882
1884
1886
1886
1893
1894
1896
1897
1897
1899
1900
1902
1903
1904
1906
1906
1909
1909
1912
1914
1915
1916
1917
1920
1924
1925
1925
1925
1925
1925
1927
1927
1929
1930
1930
1934
1935
1941
1942
1945
1945
1948
1949
1950
1952
1952
1953
1954
1954
1955
1955
1959
1962
1964
1966
1967
1968
1968
1972
1974
1975
1976
1979
1982
1984
1985
1988
1989
1989
1994
1995
1996
1997
2000
2004
2005
2010
2011
2012
2013
2014
2017
2017
2020
2023
2025
2025
2026
2029
2030
2036
2036
2038
2039
2040
2043
2044
2044
2045
2046
2047
2048
2049
2050
2055
2056
2057
2058
2060
2067
2067
2071
2073
2077
2077
2077
2079
2079
2081
2081
2082
2082
2083
2086
2087
2087
2089
2089
2090
2091
2091
2094
2095
2096
2097
2099
2100
2104
2105
2107
2107
2108
2109
2111
2111
2112
2113
2114
2115
2121
2121
2126
2126
2128
2129
2130
2130
2131
2137
2139
2145
2147
2152
2154
2155
2158
2160
2161
2161
2162
2163
2164
2166
2166
2167
2169
2172
2173
2173
2174
2175
2176
2177
2177
2184
2186
2186
2187
2188
2189
2192
2193
2195
2195
2196
2196
2197
2199
2202
2202
2202
2203
2203
2206
2207
2210
2210
2210
2213
2215
2215
2216
2216
2219
2221
2222
2224
2226
2227
2230
2230
2231
2233
2233
2237
2238
2238
2241
2242
2242
2245
2246
2247
2252
2257
2257
2258
2259
2262
2262
2264
2264
2264
2266
2268
2269
2271
2271
2277
2277
2279
2280
2281
2282
2284
2285
2286
2286
2287
2289
2290
2291
2293
2295
2295
2295
2297
2298
2298
2300
2301
2304
2307
2312
2317
2318
2319
2320
2322
2325
2328
2330
2331
2336
2341
2344
2351
2353
2353
2354
2356
2357
2358
2359
2360
2363
2364
2364
2364
2366
2368
2369
2373
2374
2374
2375
2375
2377
2377
2378
2378
2379
2385
2390
2391
2393
2395
2396
2398
2402
2402
2411
2414
2414
2418
2421
2422
2423
2425
2425
2426
2432
2433
2436
2436
2436
2438
2438
2439
2441
2443
2443
2446
2446
2450
2451
2452
2452
2452
2455
2458
2458
2462
2464
2465
2469
2471
2471
2471
2472
2473
2475
2476
2481
2481
2482
2484
2484
2484
2486
2488
2489
2493
2494
2495
2496
2499
2500
2504
2505
2506
2506
2506
2507
2509
2510
2510
2511
2511
2512
2513
2514
2516
2518
2520
2521
2530
2530
2532
2532
2533
2535
2535
2535
2536
2537
2537
2539
2541
2542
2550
2551
2552
2553
2553
2553
2554
2554
2555
2557
2557
2571
2573
2573
2574
2575
2581
2582
2583
2583
2584
2587
2588
2588
2590
2591
2592
2593
2593
2595
2595
2598
2598
2598
2599
2599
2600
2600
2601
2601
2602
2603
2606
2607
2608
2608
2610
2611
2612
2614
2614
2616
2616
2617
2618
2618
2619
2621
2622
2624
2624
2626
2626
2626
2627
2629
2630
2634
2635
2635
2636
2638
2639
2640
2644
2645
2645
2646
2650
2651
2653
2654
2655
2655
2657
2657
2658
2662
2663
2663
2664
2664
2664
2668
2669
2669
2669
2670
2671
2672
2672
2672
2672
2673
2676
2677
2677
2678
2679
2680
2680
2681
2683
2685
2687
2689
2690
2692
2693
2696
2696
2700
2703
2706
2706
2709
2709
2710
2712
2713
2714
2717
2717
2720
2721
2722
2723
2725
2725
2726
2729
2730
2732
2733
2736
2737
2738
2740
2740
2742
2742
2743
2745
2746
2748
2752
2753
2755
2759
2759
2762
2762
2762
2763
2763
2763
2764
2765
2766
2770
2771
2772
2777
2782
2784
2785
2786
2800
2801
2803
2811
2813
2815
2817
2818
2819
2821
2821
2829
2831
2835
2835
2836
2836
2838
2845
2846
2853
2855
2862
2863
2865
2866
2866
2866
2868
2872
2874
2876
2881
2884
2884
2890
2890
2891
2893
2893
2893
2898
2898
2899
2902
2906
2907
2910
2915
2917
2917
2918
2924
2926
2927
2928
2930
2930
2930
2933
2934
2934
2936
2936
2938
2938
2941
2942
2943
2944
2944
2944
2945
2949
2949
2951
2952
2952
2957
2958
2960
2960
2960
2962
2963
2964
2968
2972
2972
2973
2977
2979
2979
2985
2986
2988
2988
2996
2996
2996
2996
3001
3002
3003
3005
3009
3010
3011
3012
3015
3020
3025
3025
3025
3028
3029
3031
3032
3033
3033
3034
3035
3036
3039
3040
3040
3040
3042
3046
3046
3046
3048
3052
3053
3054
3056
3057
3059
3062
3064
3064
3066
3066
3066
3067
3074
3076
3077
3077
3078
3080
3080
3080
3088
3089
3091
3094
3094
3096
3103
3106
3108
3108
3110
3112
3114
3118
3118
3118
3119
3124
3125
3131
3134
3135
3136
3137
3140
3141
3145
3148
3151
3151
3155
3155
3155
3157
3157
3158
3159
3162
3164
3165
3168
3168
3170
3170
3170
3170
3172
3174
3179
3182
3186
3188
3188
3189
3189
3191
3192
3193
3194
3196
3196
3200
3201
3204
3213
3215
3217
3219
3221
3222
3229
3229
3229
3234
3235
3237
3240
3242
3244
3248
3249
3249
3250
3250
3251
3252
3258
3258
3259
3261
3262
3263
3263
3264
3265
3265
3268
3272
3274
3275
3276
3277
3280
3282
3283
3286
3287
3287
3292
3292
3292
3293
3293
3295
3298
3302
3303
3304
3310
3312
3315
3321
3321
3322
3323
3323
3324
3327
3329
3331
3333
3334
3334
3336
3339
3340
3340
3341
3341
3344
3347
3348
3352
3356
3356
3360
3360
3362
3362
3367
3373
3377
3380
3382
3386
3388
3389
3389
3390
3391
3394
3395
3395
3395
3396
3396
3397
3397
3398
3401
3402
3402
3404
3405
3407
3408
3412
3417
3417
3421
3423
3427
3429
3431
3431
3433
3435
3438
3439
3444
3446
3447
3447
3448
3448
3450
3450
3452
3455
3455
3456
3458
3459
3461
3464
3470
3471
3474
3474
3476
3478
3479
3482
3482
3483
3485
3486
3488
3488
3490
3492
3492
3492
3493
3494
3494
3495
3497
3498
3504
3504
3507
3509
3512
3513
3516
3518
3521
3522
3524
3524
3526
3528
3528
3528
3528
3530
3533
3538
3542
3543
3544
3546
3546
3548
3549
3552
3553
3557
3558
3561
3562
3562
3565
3566
3566
3574
3576
3576
3581
3581
3582
3585
3586
3586
3587
3588
3589
3592
3592
3592
3593
3594
3600
3602
3602
3603
3611
3612
3613
3614
3618
3620
3623
3626
3627
3634
3635
3636
3638
3638
3639
3640
3640
3644
3645
3647
3647
3651
3651
3653
3655
3655
3655
3656
3656
3657
3658
3660
3665
3666
3666
3670
3672
3672
3677
3678
3682
3683
3685
3685
3686
3687
3688
3688
3690
3691
3691
3694
3695
3697
3697
3697
3698
3699
3700
3701
3704
3704
3707
3709
3709
3709
3710
3715
3716
3716
3718
3719
3720
3721
3721
3722
3722
3722
3725
3725
3725
3729
3731
3734
3738
3740
3742
3748
3751
3754
3754
3755
3759
3760
3761
3761
3761
3762
3764
3766
3766
3767
3774
3776
3779
3780
3780
3781
3784
3787
3788
3789
3790
3790
3790
3791
3795
3796
3796
3797
3806
3807
3807
3809
3809
3810
3816
3819
3823
3823
3825
3827
3828
3829
3830
3831
3832
3832
3832
3833
3836
3840
3840
3843
3845
3846
3849
3850
3852
3852
3854
3855
3856
3856
3858
3861
3868
3868
3868
3870
3873
3874
3875
3877
3879
3879
3880
3880
3882
3885
3886
3892
3893
3893
3894
3894
3898
3898
3900
3903
3906
3911
3918
3919
3924
3926
3927
3930
3933
3934
3934
3937
3939
3941
3944
3946
3946
3949
3960
3960
3962
3965
3966
3968
3969
3969
3972
3974
3976
3976
3978
3980
3980
3982
3984
3988
3988
3990
3991
3994
3994
3995
3996
3997
4001
4006
4010
4011
4012
4012
4012
4012
4013
4016
4017
4018
4021
4021
4023
4026
4026
4028
4032
4033
4038
4039
4041
4042
4042
4043
4046
4051
4055
4060
4070
4071
4072
4074
4075
4076
4080
4085
4085
4086
4088
4089
4093
4093
4094
4094
4099
4099
4100
4101
4101
4104
4107
4109
4111
4119
4120
4121
4122
4122
4123
4130
4132
4134
4136
4136
4137
4139
4142
4143
4145
4147
4149
4153
4154
4157
4158
4158
4158
4160
4160
4163
4164
4165
4168
4170
4170
4173
4174
4174
4176
4176
4180
4180
4181
4182
4182
4183
4184
4184
4187
4187
4191
4196
4199
4200
4200
4202
4203
4204
4206
4207
4213
4214
4219
4221
4221
4222
4226
4227
4230
4232
4234
4234
4235
4242
4246
4246
4250
4250
4254
4255
4256
4259
4259
4259
4259
4263
4265
4268
4270
4273
4275
4275
4276
4277
4277
4277
4279
4282
4285
4288
4288
4294
4298
4298
4298
4307
4312
4312
4312
4313
4314
4314
4315
4315
4316
4318
4319
4320
4320
4320
4321
4322
4325
4325
4331
4336
4337
4340
4343
4344
4346
4347
4355
4356
4357
4358
4358
4359
4360
4361
4361
4361
4364
4366
4367
4367
4370
4372
4373
4375
4376
4377
4379
4381
4382
4387
4389
4390
4394
4395
4398
4400
4401
4401
4404
4406
4407
4409
4413
4414
4414
4415
4416
4416
4417
4423
4424
4426
4427
4427
4428
4430
4431
4432
4434
4435
4439
4450
4451
4451
4453
4460
4460
4461
4463
4464
4464
4464
4466
4469
4469
4473
4475
4476
4477
4477
4479
4479
4488
4489
4489
4489
4489
4489
4490
4492
4492
4493
4493
4494
4494
4498
4498
4501
4503
4505
4507
4507
4509
4510
4510
4514
4516
4516
4517
4517
4520
4521
4525
4525
4525
4526
4537
4537
4543
4547
4556
4560
4561
4562
4562
4563
4566
4566
4567
4569
4571
4571
4572
4573
4575
4576
4578
4580
4581
4583
4592
4592
4593
4593
4597
4598
4601
4603
4603
4604
4605
4607
4609
4609
4612
4612
4614
4615
4618
4620
4623
4623
4624
4627
4628
4630
4631
4632
4633
4633
4635
4640
4642
4643
4647
4648
4648
4649
4649
4653
4660
4660
4663
4664
4665
4666
4668
4672
4673
4675
4676
4678
4679
4679
4681
4681
4681
4682
4687
4687
4689
4691
4694
4694
4694
4696
4699
4700
4703
4710
4710
4711
4713
4715
4715
4716
4716
4722
4724
4724
4726
4727
4735
4737
4739
4739
4740
4741
4743
4746
4748
4750
4751
4755
4756
4758
4760
4762
4764
4765
4767
4769
4770
4771
4772
4774
4774
4775
4778
4778
4779
4779
4783
4783
4783
4784
4791
4791
4791
4793
4793
4794
4796
4796
4797
4800
4801
4803
4804
4805
4807
4807
4813
4814
4816
4817
4818
4818
4819
4821
4828
4833
4834
4834
4836
4839
4839
4846
4847
4852
4855
4855
4855
4857
4858
4858
4859
4860
4860
4861
4861
4862
4863
4865
4868
4870
4870
4870
4871
4872
4873
4875
4878
4878
4879
4881
4881
4882
4883
4884
4886
4887
4889
4890
4896
4896
4896
4897
4899
4901
4905
4905
4906
4907
4907
4907
4916
4918
4918
4920
4922
4922
4927
4927
4930
4930
4932
4935
4935
4936
4941
4942
4945
4948
4951
4953
4953
4953
4955
4958
4958
4960
4960
4962
4963
4963
4963
4965
4966
4967
4967
4967
4968
4968
4972
4975
4976
4978
4979
4980
4981
4983
4984
4987
4988
4992
4992
4992
4999
4999
